# Created by Octave 3.6.4, Fri Sep 12 23:22:56 2014 ART <pedro@lmde-1tb>
# name: ancho
# type: scalar
20


# name: ans
# type: sq_string
# elements: 1
# length: 26
/usr/share/octave/packages


# name: at
# type: scalar
400


# name: datos
# type: matrix
# rows: 24
# columns: 3
 91 6 1.75
 157 155 1.81
 100 279 2.01
 208 279 1.96
 104 388 2.45
 305 0 2.08
 330 108 2.07
 372 204 2.05
 384 282 2.48
 422 390 2.6
 510 10 1.97
 532 93 1.6
 614 390 2.42
 608 12 1.92
 712 117 1.95
 718 385 2.39
 822 52 1.5
 816 248 2.05
 923 5 1.81
 920 173 1.05
 923 385 2.28
 1023 87 1.6
 1145 3 2.21
 1105 380 2.42


# name: i
# type: scalar
20


# name: j
# type: scalar
57


# name: lado_celda
# type: global scalar
20


# name: largo
# type: scalar
57.5


# name: lt
# type: scalar
1150


# name: terreno
# type: matrix
# rows: 20
# columns: 57
 1.77930707618485 1.78964269468878 1.807785229363984 1.832669041303724 1.86064882399494 1.887986385933356 1.913518507753736 1.938270212715442 1.963158097560548 1.987338312852223 2.008619555029072 2.025815733215342 2.040962987237906 2.059716718866287 2.090344521938352 2.139924910463339 2.205063951901179 2.268135426020624 2.312599334830595 2.335417581064985 2.341637022003961 2.337000348400999 2.325837882053736 2.31121582752286 2.295264778964309 2.279383841937387 2.26440208804012 2.250733026073237 2.238513161347214 2.227712137211195 2.218211308088861 2.209854853503512 2.202480244400148 2.195934644845551 2.190082442074877 2.184807563340792 2.180012968302497 2.1756187857779 2.171559948189749 2.167783787764634 2.164247823560704 2.160917832932272 2.157766227116708 2.154770713392396 2.151913210071325 2.149178975934149 2.14655591695987 2.144034037124426 2.141605004870565 2.139261811667258 2.136998503449469 2.134809969497828 2.132691776461985 2.130640037799572 2.128651310969608 2.126722516365771 2.124850873277414
 1.763945654384538 1.773157531360883 1.791650811639366 1.818794940986067 1.849006221315176 1.876537658783409 1.900796076319778 1.924956217229717 1.951477017390576 1.978963255761998 2.002510059739149 2.018466980614702 2.028947478811872 2.041773269411105 2.070092920013183 2.130738638818255 2.223076431978037 2.309629929730572 2.360363168849086 2.379334356584505 2.379224237307836 2.368255521908523 2.35126067099934 2.331508160263785 2.311266129920089 2.291964895131626 2.274363129178662 2.258745819144464 2.245105514627493 2.23327918788466 2.223038446577388 2.214142691054604 2.206366905328328 2.199513753714843 2.19341677121708 2.187938967624761 2.182969402273978 2.178419143960775 2.174217337162136 2.170307696996237 2.16664553835383 2.163195334644327 2.159928752029639 2.156823087996415 2.153860042541748 2.151024757134093 2.148305066150082 2.145690915251417 2.143173910046662 2.14074696597629 2.138404036617291 2.136139902640024 2.133950007639554 2.131830330190098 2.12977728390308 2.127787639151659 2.125858461576854
 1.754427427549117 1.761889087864459 1.780118728104334 1.809254787887927 1.840549466312703 1.865512088417911 1.88531963964288 1.906686482470208 1.934715144744612 1.967843355747815 1.996587161381926 2.012553550807072 2.018155684543235 2.023253920442916 2.043855305845995 2.112995442106246 2.244769909195437 2.359148606909315 2.408040535984045 2.418341523167651 2.411324424313568 2.394629676350682 2.372402814851752 2.348011380397018 2.323945356349884 2.301699726015316 2.281948724629077 2.264822450138357 2.250149779399586 2.237626284062881 2.226913945577792 2.217692814325949 2.209683188639419 2.202651497380105 2.196408107679122 2.190801757349309 2.185713097071302 2.181048537274028 2.176734887524419 2.172714912749957 2.16894375959128 2.165386137929485 2.162014126209293 2.158805476724031 2.155742313915127 2.152810137694511 2.149997061510063 2.147293230084149 2.144690374215417 2.142181469949997 2.139760477172961 2.137422138644854 2.135161825078357 2.132975415327365 2.130859203397955 2.12880982598674 2.126824205762035
 1.750743204871962 1.756614370051372 1.774960194977756 1.805970279419292 1.83595880532374 1.854229390286234 1.86584188939498 1.881530246899282 1.909822033172531 1.951085823629645 1.989908054986613 2.009048171025415 2.01204561417891 2.012034388204182 2.022341172303041 2.091731652551866 2.269039057175188 2.404335853491356 2.440284679157478 2.442203410527509 2.431951668460231 2.412196596038632 2.386422711531454 2.358641905144026 2.331821934429918 2.307581777821625 2.286505519436077 2.268558899656878 2.2534098287505 2.240625693525846 2.229777219565784 2.220484325597227 2.212430223676091 2.205360043739317 2.1990730688721 2.193413233317635 2.188260035261129 2.183520699898345 2.179123782274954 2.175014112632246 2.171148882843346 2.167494655240811 2.164025094951868 2.160719259088611 2.157560309350468 2.154534544097029 2.151630670336147 2.148839255423203 2.146152313239247 2.14356299101382 2.141065331544251 2.138654091987919 2.136324605191481 2.134072673080953 2.131894484281392 2.129786550100491 2.127745654472667
 1.750705036866039 1.757316536951632 1.77797215312487 1.810151870739315 1.834369908395651 1.841847655006915 1.843323236321848 1.851160474874477 1.876115400410574 1.924746761144251 1.978787782006557 2.006447141807083 2.010513838973186 2.010000257462705 2.01525499802899 2.082135536833917 2.284946207376741 2.425356154158797 2.449511711170049 2.449088482506751 2.439541056923697 2.418803654294721 2.391211177374926 2.361732738030567 2.3337475833545 2.308899854592445 2.287637604568664 2.269765529767785 2.254820918506401 2.242282484558555 2.231668257107444 2.222571231156167 2.214664240524943 2.207691718033656 2.201457327845728 2.195811596596134 2.190641158270755 2.185860023658718 2.181402763706396 2.177219310872181 2.173271051646783 2.169527915484085 2.165966217028357 2.162567060570361 2.159315160824424 2.156197970581693 2.153205034066244 2.150327506205658 2.147557793953362 2.144889287543267 2.142316158164022 2.139833204826718 2.137435737784739 2.135119489207926 2.132880544254008 2.130715287464926 2.128620360723939
 1.755855589787844 1.766703357171959 1.791422331754609 1.820806248107656 1.833623615696142 1.829568609168896 1.823506439406497 1.824668204632786 1.842025708593657 1.890523565868024 1.958469628881497 2.000014624710666 2.010431760135162 2.011638227483827 2.021841751852896 2.092030789252238 2.274677021355185 2.413689747228078 2.445927774812337 2.446210493540856 2.435063964157103 2.413285864342139 2.3854031514864 2.356322298673486 2.329212445550811 2.305476871106788 2.285369630796006 2.268570372166633 2.254551664163448 2.242769960779268 2.232746773200414 2.224091959920087 2.21650058833595 2.209740016080192 2.203635089809224 2.198054729058899 2.19290091553935 2.188100119156381 2.183596822626222 2.179348720641294 2.175323199929324 2.171494774691652 2.167843223694777 2.164352237865878 2.161008437344553 2.157800655242301 2.154719413841188 2.151756539781565 2.14890487984471 2.14615808975513 2.143510476174538 2.140956877599611 2.138492573838485 2.136113216579502 2.133814775603667 2.13159349665976 2.129445868081471
 1.775246255377827 1.790698843117938 1.815566257221951 1.83462322321887 1.833466899112692 1.821260930888334 1.812960331809925 1.811810023226658 1.821471105405756 1.862935705199085 1.934289229072125 1.985109615251226 2.005047669224184 2.014217492108317 2.033177857548127 2.096865838701927 2.232066603185592 2.362143772757852 2.416155168380094 2.424652769585745 2.414276177523004 2.393719734020172 2.368388090408548 2.342523260551876 2.318673914163619 2.297888597865757 2.280274317418583 2.26548666686474 2.253036075804897 2.242442061882369 2.233294432035807 2.225266760146678 2.218109207972814 2.211634649849822 2.205704425849853 2.200216108823549 2.195093837205516 2.190281015951834 2.185734951864899 2.181422973962813 2.177319654108203 2.173404825498637 2.169662172225736 2.166078224469925 2.16264164069706 2.159342692664179 2.156172893840393 2.15312472946445 2.150191458870426 2.147366969415636 2.144645667435457 2.142022395912205 2.139492371532322 2.137051135905096 2.134694517195775 2.132418599473402 2.13021969781853
